FINALe
词：
曲：

3  3 4  3 2 1+ 2
歌 听千遍可会倦 
2 3   2  1 2
唱小爱大爱
2  2 1 7 1
赞春花秋月
1 1 1   3  5  2   5  1
却绕回同一种呜咽（一样慨叹）
4   4  5  4 3  2  3
舞 跳千次可会厌
3 3 3 37 
听同样舞曲
7 76 6   5  4  3  2
随旋律转数圈以后
32 2 1   2
世界倾斜
2 2  7  1
晕眩的你
1 1  1 6  6  6
像暴风里的船
6 5 4 5    5 4 3 4 
左歪右斜 前仰后倒
3 2 1
长夜里
3 5 66 666
怎么看清这条路
6 6  7 7 7 7 7
怎么行于这长路


6 3  3 2  7 6 6 7 5   5   5 3 5 6
要 等几个季节才可将那果实采撷
2 3 4   1  1  1 12  7 6 5    5  5 2 3
还是你 梦留待大雪纷飞过依然酸涩
3  3 3 2   2 4  6  4 4  3  2  2  1  2    3  7  1
要等到老去后死去后 来生才可见其成熟吗
1  1 1 7 6   6  1  1 7  7 66 
可歌声已断了 可笑声已碎了 
1 1 6- 1 6- 5  4 3
今生再不可知前世
4   3   5  6  7
你曾潇洒地——

3   4 3  7  6  1
 唱最后一支歌
3   3 3  5 4 4 3 5  4 3  3  6.
颂世界一串喜悦一千串悲哀
3  3 4  3 2  2 3  4  3  7  7 1
唯这刻我只需爱不需要被爱
2  1  7 7 7 7 3  2  2 1
观众落过座终将要离座
2 1 2    2 2  2  4 4 4 3
歌者唱到嘶哑鞠躬谢场
3  3  3  2
灯光亮起
2  2  2 1
戏剧结束
1 1 1 7
幕布垂落
7 7 2 7 2
后会却无期
4 2   3
不必约
3. 4 3  7 6  2
唱最后一阙歌
3  3 4 5   55 5 4 34 
唱你我来不及兑现承诺
3 2  3  2  2 7 1
天气就这样冷了
2 1 7 7 3 3   7 7 6
草木零落生命零落了
6 1  3 2 2 6  2
来春与枯草无关
2 1 2 3  3 3  2  1  6
寒冬永恒白雪中安眠

5   2
 farewell.


3   4  3    2  3 2   1
花 跪在月下数年轮
——
4  5 4  3  5  5 5  1  6
月 升落几圈会不肯飞
6  5  4   4  3 2  3
在树梢徘徊逗留
3  2    2     2 1 3  34  3  3  2 1
几万时日回忆青春光彩已远去
3  3  3    5  2  5  1
却够不到枝头果实
3 3 3 2  4 4 4 3 3
左冲右撞 踏步逡巡
3  4 5  6
顺逆流中
6 66  6 6  6  5+
仍未看清这条路
7  7   7 77 7 7 1+
徘徊不前这长路

6 5   6  1 1 1 7 7 6  6  5  5 2  5  1
疑惑到哪个季节那些硕果才可采撷
2  34  1  1   1 1 2  7 6 7 55  2 3
可已经大雪纷飞几度梦依然酸涩
3 3   3  3 2  2 2 1 7  7 1  2 2  1 7  1  2
要等到身躯已腐烂了 还未够格称成熟吗
 1  1 7 7  6  6   1  7 1  7  6 6
可歌声要断了 可笑声要碎了
5 4  3 4     4  4 3 4  5 6  7 7
最后以后 谁又能于天堂观测
7  4  7 3
人间收获
3. 4  5
你于是
3   4 3  6  5  1
唱最后一支歌
3  3 4 5  4 4 3  5  5 4  3 6
颂世界一串喜悦一千串悲哀
3 3 4   3  2  2 3  4 3  2  2 1
唯这刻我只需爱不需要被爱
2 1  7 7 7 3  3 7  7 1
观众落过座都总需离座
2 2 1 3  2  2 3
当歌者鞠躬谢场
4 3 4  5  5  5 5
归去前再赠这歌
5 5 5 6
灯光亮起
6 6  6 7
戏剧结束
7 7 7 1
乐曲终了
1 1 1 3
该散了么


3 5  5  3
有无前生
2 4  4 2
有无来生
1 4  1 1 
是否今生
7 6 7  6  5
后会有彼岸

4  6  4 4
可否弃世
3  5 3  3
可否归去
2   22 2     2 3  4
你是否只能逗留
4 4 5  4  3
在光的罅隙

3  3  3 5   5  3 3  4 3   1
当曲终人静，当青春散场，
3  3  3 3   5  5  5  5  6  5  4   3
当春时结的网，化寂寞的病床
3  3 3 3  2  3 4
你是否祈祷奇迹，
2 3  4 3  7  1
还是学会聆听——
7 1  6
寂静里
7 6-
心跳
1 1  7
那声音？



（当青春已经远去
当爱歌已消散去
当枯坐病床上
你是否祈祷奇迹
还是释怀了不怕死）
4 3  2 
归去来
5  6  5  4 3  5
唱最后一支歌
  3 3  3 4 5  4  4 3 5 4 3  3  6
颂对世界千串喜悦和几串悲哀
3  3 4 3 2  2 1
是这刻我只需去爱
4 5 3  2  2 1
却不屑争被爱
2 1 7  7 7 7 7 1 2  1
散场汹涌人潮都离座
1  1 2  2 2  2 5  5 1
终将退成遥远的星带
3  5  3  4
而今日我
 4    4  4 4 3
压轴的一曲
3  3 32
振臂高唱
2 2 3  3  1
劈开静的海
3  2 3 4
赠四季的
2  5 34 
赠天地的
4  4  6  5
最后一阙

3     5 2  5  1
“好歌献给你
6  1 5  1  4
愿你藏心里
5  6   7 1 2  1  5   6
陪伴度过黑暗长夜
4 3  3    2  2  1
我活在歌声里”

"The play has ended."
"Please take care of your personal belongings, and leave in an orderly manner."


3  5  2  1  4  3  5
就 唱最后一阙歌
  3 3 4  5  5 3  5  5 4  3  2
赠你我那些没说完全的梦
3 2  3  2 2
尾奏已响彻
2 4 4 3  2 2 1
再没有安可的回合
（After the chorus ）
（I'll never go back for an encore）
2  1  7 3  3  7 6
天气就这样冷了
6  6  5  2  2  2 4 4  3
草木零落生命零落了
3  2  34
岁入寒冬
3  2   3  6.
永恒安眠
6 1  3  2
洁白的雪
2 4 2 1  3 1
掩埋所有因果
1 2  3  1  2  3.
于是静待春来
7 1  2 5
待到春来
6  5  6
你微笑

Farewell.
（+活着多好）